,Reverse-Proxy-Services,Sites
0,Akamai,181
1,Cloudflare,128
2,Fastly,65
3,Amazon CloudFront,43
4,Level3,12
5,Verizon Digital Media,5
6,Incapsula,4
7,ChinaNetCenter,3
8,ChinaCache,2
9,Instart Logic,2
10,Sucuri,2
11,Limelight,1
12,DOSarrest,1
13,Stack Path,1
